  Sex  Length  Diameter  Height  Whole wt  Shucked wt  Viscera wt
0   M   0.455     0.365   0.095    0.5140      0.2245      0.1010
1   M   0.350     0.265   0.090    0.2255      0.0995      0.0485
2   F   0.530     0.420   0.135    0.6770      0.2565      0.1415
3   M   0.440     0.365   0.125    0.5160      0.2155      0.1140
4   I   0.330     0.255   0.080    0.2050      0.0895      0.0395

   Shell weight  Rings  
0         0.150     15  
1         0.070      7  
2         0.210      9  
3         0.155     10  
4         0.055      7  
     Sex  Length  Diameter  Height  Whole weight  Shucked weight
4172   F   0.565     0.450   0.165        0.8870          0.3700
4173   M   0.590     0.440   0.135        0.9660          0.4390
4174   M   0.600     0.475   0.205        1.1760          0.5255
4175   F   0.625     0.485   0.150        1.0945          0.5310
4176   M   0.710     0.555   0.195        1.9485          0.9455

      Viscera weight  Shell weight  Rings  
4172          0.2390        0.2490     11  
4173          0.2145        0.2605     10  
4174          0.2875        0.3080      9  
4175          0.2610        0.2960     10  
4176          0.3765        0.4950     12  
            Length     Diameter       Height    Whole wt  Shucked wt
count  4177.000000  4177.000000  4177.000000 4177.000000 4177.000000
mean      0.523992     0.407881     0.139516    0.828742    0.359367
std       0.120093     0.099240     0.041827    0.490389    0.221963
min       0.075000     0.055000     0.000000    0.002000    0.001000
25%       0.450000     0.350000     0.115000    0.441500    0.186000
50%       0.545000     0.425000     0.140000    0.799500    0.336000
75%       0.615000     0.480000     0.165000    1.153000    0.502000
max       0.815000     0.650000     1.130000    2.825500    1.488000

       Viscera weight  Shell weight        Rings  
count     4177.000000   4177.000000  4177.000000  
mean         0.180594      0.238831     9.933684  
std          0.109614      0.139203     3.224169  
min          0.000500      0.001500     1.000000  
25%          0.093500      0.130000     8.000000  
50%          0.171000      0.234000     9.000000  
75%          0.253000      0.329000    11.000000
max          0.760000      1.005000    29.000000 
