print(glass.head())

   Id       RI     Na    Mg    Al     Si     K    Ca  Ba  Fe  Type
0   1  1.52101  13.64  4.49  1.10  71.78  0.06  8.75   0   0     1
1   2  1.51761  13.89  3.60  1.36  72.73  0.48  7.83   0   0     1
2   3  1.51618  13.53  3.55  1.54  72.99  0.39  7.78   0   0     1
3   4  1.51766  13.21  3.69  1.29  72.61  0.57  8.22   0   0     1
4   5  1.51742  13.27  3.62  1.24  73.08  0.55  8.07   0   0     1


print(summary) - Abridged
               Id          RI          Na          Mg          Al
count  214.000000  214.000000  214.000000  214.000000  214.000000
mean   107.500000    1.518365   13.407850    2.684533    1.444907
std     61.920648    0.003037    0.816604    1.442408    0.499270
min      1.000000    1.511150   10.730000    0.000000    0.290000
25%     54.250000    1.516523   12.907500    2.115000    1.190000
50%    107.500000    1.517680   13.300000    3.480000    1.360000
75%    160.750000    1.519157   13.825000    3.600000    1.630000
max    214.000000    1.533930   17.380000    4.490000    3.500000

                K          Ca          Ba          Fe        Type
count  214.000000  214.000000  214.000000  214.000000  214.000000
mean     0.497056    8.956963    0.175047    0.057009    2.780374
std      0.652192    1.423153    0.497219    0.097439    2.103739
min      0.000000    5.430000    0.000000    0.000000    1.000000
25%      0.122500    8.240000    0.000000    0.000000    1.000000
50%      0.555000    8.600000    0.000000    0.000000    2.000000
75%      0.610000    9.172500    0.000000    0.100000    3.000000
max      6.210000   16.190000    3.150000    0.510000    7.000000

